20
51262857417969952928660032895796968341960617090559017108309996241347369238370038021258072889937622870792570316641381583504647417888476955127596930649266292693463215024454398638233117250623475654980377754305154082266159390920589753401676330217850503873304981341537155002601490051737032603564063349182926886665444938997044832561562159757923918301979854249294116110376103551916659981653716608761803216398022293272023533535231368870291946972706889534729148596743679917488845808795397519966989998043603335012753707431374376982031446770941726598436582823310139067941207481289403541779933972437
94798487257195955039873626261916336706330505194665759787960731363506082764656089505371416795079565183885450156672070167553292041330882839623866103694169845363819551639096669633844705045871627482677780313263606420151265492867736125462462875491755727420286992787191853527346813989787805073255450942215718315863818677797085115587475574389894311935953508538207365889777023136666308040586857672313591865491030044353774655143619643567068545628689864312084229711247673554622743930299336415517308031304961477749563086434788145774711435205915041825183762664876996350323869312541994283217626923931
92717011013180089796571441415350000253798673182713019774255509118781056024961638473306010578810757071476873984657791844612237767803747638637287869698007216241260941552421212909515185179300996218324521229425000647086789899536984886132377681977652972935372145098835487719695289654667956718123129690331162514120244073848017103599478862951652147124767201392743980070547453103324004341112009012032529081269388644740921164972905637523123536479013403901702279981360831833200545052736884839636129532923189721478568380439119279625209935563502322389263570925374353227384409910952850461156890163225
119883830054301661255642385574119367920751415497216515401148852486047565743580455108748028104734058576954599394904941584381062026174789702294417870162478776987379261910818825329232930956833884924385808368017710167257262982708158056489533101060074556343655333281199406376943793849958018786118952411630271603635027829732070649006963922886324777437512219385567072636911846970654278730173854885478631171266803855418373816130258825868562774765341954106126817907764820646099508104014452160199765802347309548970152078182743643201302391588334685891798019762251006419768094127530202210712975078762
8295659206748950943147331137877873976700516978537993699122632946767082904978942893758872878512333901694413197415650170077395161652081776379097354801457647730025360242515899367285931047617193062516807464564020441424708351312377392426945780528674017511051716436125457622392899750618491839565472149176555690647758871013166632643000065433791055992721651806777872177632315715245637334151096685373608394976768803154578751024362209780968644040834047143644875609637809976557966471245062458681061094555860221364071266218180409678339275243202251736791112875315572695958191199865127193444597948665
50025274199558827294180728683646010463588998429020946584116076268145483009161146301898893554259157022840913572824575172829518895687315331920883998301997663045983378418472125203012748732431669071374205090732617814436290094556595699217959097611386611400418659202842721356842595704647329756017722006887121833517489023369401541396335354225760286376348674750797115267153203009864380617351480420533623057288063669041348496118577422355094543716563713531960788729070677844022261324224746219873740734758795087157935800740689646014532934554905861739793675845484137519427961198799008290332785097498
1447813865199248605120057616967351150042664531141561294874794257682845992676194144497266861083993880654833924969506494959031693828983008896687042612404106388491739201563178613656485032604564865233812972406714314215833404978139810258117762756310448619460257917925889010505467352981946492788072144523877779639728355160285540262447879097396670746616115564194315480946696558363298644629139231580443666644168023169552412899625941718999546684724177086535313490709932464948957210264720697495046487532072174948304702406998416627808433142361691726110993352524752448742662142354066232930816518578
147655989732937755755075741115012668034562288991795419869134558835060162008971890214389628063885716541694403995169136110401797306526298605061769329263687194447101734214782436947192579194142995922607753003825739425331776361805978204982494070535033692297710935319446281330123419582471865391733056755055076815609156405631918087489914747382512390433091518403900115193092439386664800290208535219961096806815850941112011425037824516579120610427733660033966192197834341365342434879082822690837570745637769470454472194344406030585953910128608370240242821640889324557397538695734571548920510316454
111485560410381823563737400782847629959538180835932298758309972176648347490883639717911019252520955515848534094132348843538634448623056088207030850024966893116614625417393146601322893873101962926379510752890326714911255226898372886137484151163308863835178307577597638353090327873523786620154337264752220295062064097141611285566534617866715193000579773216431163787273114779345277775351901196254114166512360807933052735721958297649858643104141629129692735443635068613960853815252419247459402757831327806692950383577999488533967965382921884562076498633455027869838644617629840787072126831057
136877026029063782699388735786420920867242416084942802842013850899705786909384159909743274286674548082379235683566441791560634114241866663380840855942188975609702624164359478547127240588867539443479200887244758940069499809115991706672759254140285197060348264976041028414902606501813651366101748332568740774232765997743197462075559047207000932407924946217479626757572419329501082694851667986070409745387704032386203774617933440145519224543307874272145269526949066689903378048172475826228133953326659663529876908649156646506116180656841370686087056601433584040132568203921719757607683499119
90058931003894117287136268864665818140600211201415064759716348431981988449497362308171051290633085894034380316487830072106951094265810306686845752783205450335792126917073424573953414902622982274695704292997484124396353894470045455894700720872379607734567701318380485922481137344856879006987683747813067019872862595985155314300388581062068338393969885251489056082565919846851298942143810376774970449815445965819909521525864967578652220221299568584493986978690330887942847769254983162403278222443214699724112122660132387109069255153543708968585667249609210626293387709645980706979070596345
76235719312620078996219704477403564181961245958952696469686196146717050932845356536967254497700861259969465334852929025352407642603642636676345509263058724042442571473134800195645251321167477664699636078267946205041137465779441621722830880869852024064902294613229397086515905955045380068256813852507826973673184105233041339489176946107368815160668372246972963863267480641997105633626376810163457497823804188224420691128309775927217719910967707340570263520609573202759200203313054313983137820846360993512569520655615154902886053077975387016712833181084728353237089397617436797273161781164
168439189464792869122521894355148647758829074290514750623376497909151047554336594201615151809682780337719894063111295454823179488574004968691674693947618412413872674431345803959792730478425740358541304272873892424408696908354369694660970668247064216081756119243113251253358452816205877335799143587832080282840452029538075090801782084854327167741641477964121457019668330530929602757604564823658281233292244975210653494405032867309832742133477921887913338482189071856487665603753826151381167689111055100409669800877868647972578412390223351531007056124319577732969271796248659373005782811884
171702239636345987727311703913073550541548439468270400761407700867948849821359717269898597934407860125155527859746335810425826515262949259895511079729103611214560094780896692771111713461064164843669608207346439106429182650217167306918996929594012826065139638677452358814579287500422874329062165396083393783327864244430344517789804911443178288012421604282473436705325596544744569486103639145915316190326132078841295882978248753094967681811802256577593317501213418703150684195344541464072510545798314878528512165595504361043376871975274301440008534604844643681074316847183405710025097024209
183918765907712277062828707040072176389109805707002810236739800881704284370970176166814421379748424535844528567109191250988402868423335879804993548080002241535478783577704632623233133200667515784700781989395815151013335506009840090592719628641348299284751926533131645001896178481382380115253170362353918920709314206096327846334969823306838258022188911462691035072401883680090321376108329712617658470018797478379092980858695487082735832854894396883020636831605676473051473138629450519357407609998292046337508838493790496769677753330328928266089249685544437406549101159717675096811439234193
28919833044314444095317823778477068887221497572634610609372017180319147287171654231174590513903923675487800694038597316318469091091025566630925329471642508479753049888460700196929965329697048694765347877871404278126050779771455104383420420867366669371643858218173390886338260514347038186041074210600095515426521874810268550098977281445394336564318677325539431169452154646378979045122769217555668257367767620275314662275156292747991532616177353953590160571865280796568906414644033914206875011916865593230366670068481728449676172009978247882728873809063704310560658613888907812023578377358
27590529415037159704108289127611490428548077664654506481426475106215659971107425728372630182628341257813932486904399394012228290325583498870823194993042772330451067604189302509049858327890052344570477509107276258054655782647815758210090820606580372676930849364220143526741307065672976169311948886178351835700748166533302078917533716186725483735577465122473032306316959376750741871017560118847423325213471803442101864226762333011218509602634934084677869201849380798903589668607234957310891785790021032306985057991850696503582880003310861554349562103268926587101749932754962146578127258163
116704840523997340662626373444561912574074616076908568421386549820364403921386427297349644041870994058900451293392989857209993662108444783639332401039293319164286876461886436279780776889939952453684159528551711865903024467963436578091892639692056878839927482419942548562791363153827819110719284883589153236048207861244565725912924520865269132158018752364287692886792114821114903984776977039218058722833526065762828600149449337910386616359489401110916154118775101662414584861982561680530103838973741683722804281912505727404397488663369018318740128506011027455943803775603080455950168445831
155011798634265455204036188287182742578592310555298347440206714719610451540756974038380957649701887777362223190365010851888606925270415784528320902315334387951848143579317522532623366604732767449069354240230885454876504676400538651100534946049801794823424000383983436946917525563194729491822097478402478460579929672944579410786379431269362501679105706541328622248963011149149191899201271984222127857326251831920271599584133043710697809866624908640451505339396347569287471567764944938206841558686635738730855620841596140191206690731172100445736878336396816641313542096153588480684797200559
182721958128657082826990053916331831645976309025972720084760696893698933991276940685633170841357261561691971061967632282197633115074768604332346033415269639850911481788548757582725730528082869661061323786102313943517514668036837903905489824215642806991134686239396958591768255843667493848673502448311536664604516022867816469995765268732458682294600170543307679943616756727220456869649268173737345296372546545170137157314900033508537212194779894293398853827686312221287683815635950206162182562709938822250576505615590257530563433128166513547507850818294161379795704709798585981394941155258
